69,32,62,98,65,72,59,15,56,89,87
64,35,16,77,86,75,91,26,49,69,89,15,99,59,29,42,56,97,38
26,53,16,35,49,99,86,69,89,15,77,83,42,56,72,47,94,65,59,38,75,29,91
69,98,87,89,73,38,15,76,62,11,61,55,42,83,29,97,99,56,31
47,16,75,91,26,89,97,38,27
47,16,95,55,11,51,34,24,94,79,35,45,57,32,73
33,24,16,31,47,21,73,36,57,86,94
33,79,45,75,95,17,51,94,36,34,25,47,24,55,16,53,86,57,85
27,79,62,98,36
79,36,75,98,21,85,47,33,16
55,31,57,95,35,33,25,47,79,34,21,64,24,36,98,61,11,45,32,76,17
32,27,38,99,89,25,31,61,55,33,56,29,59
16,53,72,49,42,15,97,56,86,26,65,91,69,38,89,64,47
25,17,31,55,33,24,85,45,21,51,95,57,64,35,94,77,86,75,53
49,56,11,87,42,32,99,29,72,38,89,97,61,65,83,25,15,98,73,69,62,76,59
95,85,86,15,53,21,89
45,75,24,94,25,51,85,36,55,47,35,95,33,53,34
57,21,86,16,85
73,79,95,86,21,24,33,34,17,25,64
33,11,31,64,25,17,73,36,21,76,51,34,57,45,98,47,95,16,32
98,25,33,34,95,77,75
51,94,64,95,34,21,35,53,86,24,79
47,16,94,77,86,53,91,26,65,72,89,15,99,59,29,42,56,97,38,83,27
32,99,26,59,65,87,49,29,91,62,56,27,61,75,69,97,72
83,98,62,24,79,76,97,55,85,38,45
49,89,15,29,42,38,62,87,61,76,11,73,31
64,34,49,77,26,65,91,35,59,15,99,16,69,53,51,72,89,47,86
98,17,79,85,95,16,75
59,21,86,99,57,15,29,49,47
73,85,98,76,24,33,32,27,29
45,21,86,75,69
83,97,45,55,76,56,33,42,36,38,25,17,62
77,79,51,72,16,95,57,85,36,64,47,65,75,33,91,21,26
72,26,34,47,59,89,64,95,57,53,94,21,49
53,91,26,72,49,69,89,15,99,59,29,56,97,38,83,27,62,87,61,32,11
35,57,91,26,45,53,99,51,34,77,94,69,65,15,86,75,89,95,16
35,16,77,86,75,91,72,69,59,29,56,38,83
26,49,89,99,59,29,42,56,83,27,87,61,76,32,11,73,98
73,98,25,17,55,33,79,24,85,45,34,51,95,35,47,94,86
69,89,15,99,59,29,42,56,97,38,83,27,62,61,76,32,11,73,98,25,17,31,55
76,56,87,55,61,59,11,79,17,27,73
97,38,83,27,87,61,76,73,17,31,55,36,45,34,21
38,83,27,62,87,61,76,32,11,73,98,17,31,55,33,79,36,24,85,45,34,21,51
76,55,33,79,24,45,95,64,16
29,56,38,83,27,76,11,73,25,36,85
53,91,26,65,72,49,69,89,15,99,59,29,42,97,38,83,27,62,87,61,76,32,11
35,75,64,36,79,31,25,33,17
49,76,56,69,32,31,59
95,35,16,86,53,26,65,99,42
94,77,86,75,26,65,72,49,69,89,29,42,56,83,27,62,87
98,21,16,77,57,95,45,34,94,33,79
95,57,64,16,53,72,49,89,15,59,56
57,64,47,16,77,86,53,49,15,99,59
76,32,11,73,98,25,17,31,55,33,79,36,24,85,45,34,51,95,57,64,35,47,16
75,72,56,65,42,59,69,53,27,26,61,97,76,87,99,91,49,89,83,15,38
59,56,97,38,27,61,76,11,98,17,31,33,79,36,24
57,64,35,47,16,94,77,86,75,53,91,26,65,72,49,69,89,15,99,59,42,56,97
15,83,89,69,99,38,97,29,73,62,27,72,91,76,65
85,31,21,16,36,33,98,35,55,34,94,75,47,17,79,45,95,51,57,86,77
57,72,16,99,51,94,89,45,53
11,87,59,31,62,42,97,36,55,38,33,73,83,56,27,32,98,17,99
34,25,47,98,79,85,95,55,24,86,94,45,33,77,17,21,31,57,35,51,36,75,64
29,56,38,83,62,61,76,32,98,25,17,31,55,33,79,24,85
87,61,32,11,73,98,25,17,31,55,33,36,24,85,45,34,21,51,95
31,33,79,24,34,16,94,91,26
79,34,91,33,16,47,26,35,24,45,75,77,31,64,51,95,86,21,57,55,94
64,75,51,36,85,57,91
89,15,56,97,38,83,62,87,76,32,73,25,31,55,33
34,21,51,57,64,35,77,86,53,91,26,65,72,89,59
83,62,87,61,32,17,24,85,45,21,95
35,47,16,77,86,75,26,65,72,49,42,38,83
33,83,31,56,98,15,59,17,79,97,61,76,62,42,32
32,11,61,87,62,55,98,15,59,29,42,31,76,38,56,83,97
61,49,15,42,87,72,53,76,27,29,38,62,65,59,75,26,83,56,91,86,89,69,99
45,31,76,79,85,83,25,95,27,51,17,98,11,32,24
53,59,27,87,32
87,32,11,73,98,17,31,36,21,57,35
65,72,49,69,89,15,99,59,29,42,56,87,61,11,73
86,75,53,89,15,42,83,62,61
38,24,83,73,32,34,87,11,79,33,36,25,27,98,45,85,31,21,55,61,17
17,56,85,34,55,83,27,62,87,61,11,76,32,31,73,79,45,98,97,38,36,33,25
47,16,26,65,69,29,27
77,72,65,47,64,57,91,75,24,95,89,16,94,21,53,26,69
91,15,57,77,72,64,16,65,95,86,53,42,89,59,99,69,47
31,55,33,79,36,45,34,21,51,95,47,94,86,53,26
64,24,75,35,25,16,36,95,85,47,55,53,77,31,33,57,17
64,51,79,36,25,76,62,98,45
62,61,56,36,55,17,33,31,87,79,32,98,25,73,45,38,76
99,53,65,97,72,47,29,57,42,86,15,59,16
77,59,49,38,42,26,69,65,56,27,89,29,15,53,86,91,61,87,62
83,31,15,17,11,69,55,89,56,59,27
49,69,89,15,99,59,29,42,56,97,27,62,87,61,76,11,73,98,25
42,56,27,11,98,24,45
57,64,35,47,16,77,86,75,53,91,26,65,72,49,69,89,99,59,29,56,97
75,53,91,26,15,42,56,87,32
69,89,15,99,59,29,56,83,27,62,76,73,55
72,49,69,89,15,99,59,42,56,38,83,27,87,61,76,32,11,73,98,25,17
38,24,17,79,85,61,98,11,73,25,45,87,33,56,32,55,31,76,62,83,27,36,42
77,86,75,53,65,72,89,15,42,56,38,83,27,62,61
11,73,98,25,31,79,85,34,21,51,57,64,35,47,77
31,85,45,21,47
42,15,49,38,87,62,76,61,97,73,83,27,31,17,29,89,56
99,72,49,16,15,91,47,89,69
33,79,87,61,76,11,55,45,25,34,98,32,83,51,85,38,31
75,72,26,15,83,62,56,16,29,97,59,94,69,65,27,86,77,99,53,42,91,49,89
33,45,51,57,77,53,91
29,83,27,87,32,11,73,98,31,55,33
73,98,25,17,55,33,79,36,24,85,45,34,21,51,95,64,47,16,86
83,76,17,24,85,34,95
95,57,35,47,16,94,77,75,53,91,26,65,72,49,89,15,99,59,29,42,56
61,72,38,76,42,99,49,91,73
75,87,86,69,59,89,53,27,94,42,56,99,29,26,62,83,77,91,38
31,94,16,77,36,33,35,55,51,47,45,64,17,91,53,95,57,86,75
64,35,47,16,94,77,86,75,53,91,26,65,72,49,69,89,59,29,56,97,38
35,94,86,75,91,26,65,15,99,59,56,97,83
98,25,57,21,62,61,55,87,51,85,24,45,76
16,53,65,69,89,15,99,27,62
51,95,57,64,35,16,86,75,91,65,72,29,42
57,86,75,29,42,56,97
95,64,98,47,51,76,31,11,32,55,34,17,36,24,35,45,57,21,79,61,85,73,25
95,57,64,35,47,94,86,75,53,91,26,65,72,69,15,99,59,42,56
64,17,45,24,85,94,55,95,21,32,73,79,34,31,11
36,24,85,45,34,51,95,57,64,35,47,16,94,77,86,75,53,91,26,65,72,49,69
53,49,26,72,27,56,16,29,47,69,83,89,97,42,86,91,65,15,99
32,29,76,42,59,38,98,25,65,11,87
53,26,64,47,16,65,51,49,57,21,59,72,99,91,34,77,86
31,55,79,36,24,85,45,34,95,64,35,16,77,75,91
69,85,51,94,57,72,47,15,77,45,65
94,27,65,75,97,89,99,42,69,83,15,26,16,49,59,29,62
32,11,73,98,31,55,79,36,24,34,21,57,64,16,94
34,51,95,57,64,35,47,16,94,77,86,75,53,91,26,65,72,49,69,89,15,99,59
64,47,16,94,77,75,53,91,65,72,49,89,15,59,29,42,56,97,38
33,79,36,24,85,45,21,51,95,64,35,47,16,94,77,86,75,91,26,65,72
72,75,77,65,64,21,57,95,51,33,26
11,25,17,45,34,57,77
24,85,34,95,57,64,47,77,86,75,91,69,89
11,98,25,17,55,36,24,45,34,95,47,16,77
77,86,75,53,26,65,49,69,89,99,59,29,42,56,97,38,83,87,61
73,98,17,31,55,33,36,24,85,45,34,51,95,64,35,47,16,94,86
85,72,36,26,95,69,75,77,57
65,42,16,26,94,72,89,64,35,69,57,56,47,53,91,15,77,75,59,99,97,29,86
34,25,73,32,62,27,97,85,11,61,98,31,38,87,17,24,36,55,21
89,59,29,56,97,32,17,55,33
75,21,26,55,77,85,33,64,51,36,95,16,45,53,35,65,34,47,57,91,94,86,24
62,87,32,11,73,31,55,79,36,45,34,51,64
72,89,99,56,32,25,17
25,55,33,36,45,51,35
45,34,21,51,64,47,94,77,86,75,53,91,65,72,49,89,99
75,76,53,61,62,89,59,32,26
76,61,79,62,73,97,55,27,33,25,34,24,85
76,11,73,25,17,55,33,79,85,45,34,21,51,95,57,64,16
61,56,17,11,31,59,42,55,32,27,38,97,15,29,33,98,25,89,73,62,99,83,76
55,36,85,45,77,86,53
36,73,97,42,27,83,99,79,38,55,59,87,62,25,98,32,29,31,61,11,76
83,25,62,45,36,24,73,17,55,42,38,32,31,61,76,97,98,11,87,79,33
25,17,31,33,79,36,24,85,45,34,21,51,95,57,64,35,47,16,94,77,86,75,53
79,85,95,64,94,75,91,26,49
36,85,34,95,64,35,77,86,75,53,91,26,65,72,69
91,35,26,51,21,49,34,69,86,85,45,64,95,89,65,75,15,57,47,53,94
91,26,65,72,49,69,89,15,99,59,29,42,56,97,38,83,27,62,87,61,76,32,11
33,31,32,25,36,51,47,11,45,64,98,57,35,76,61
25,45,73,51,85,36,57,86,21,31,34,98,64,47,95
72,49,69,89,15,99,59,29,42,56,97,38,83,27,62,87,61,76,32,11,73,98,17
75,53,91,26,65,72,69,89,15,99,59,29,56,97,38,83,62,87,61,76,32
53,91,26,65,49,69,89,15,99,59,29,56,97,38,83,62,61,76,32
17,33,79,24,34,21,57,53,91
15,42,25,17,73,79,99,87,62
32,73,25,24,35,47,94
49,69,89,15,99,29,42,56,38,83,27,62,87,61,76,11,73,98,25,17,31
85,45,34,21,51,57,64,35,47,16,94,77,75,91,26,65,72,49,15
94,99,89,45,72,26,34
42,32,83,61,27,31,29,55,56,79,17,11,15,25,97
21,51,95,57,64,35,47,16,94,77,75,53,91,26,72,69,89,59,29
87,76,32,11,73,98,25,17,31,55,33,79,36,24,85,45,34,21,51,95,57,64,35
79,36,24,85,45,34,21,51,95,64,47,16,94,77,75,72,49
34,24,76,64,33,62,85,45,95,73,17,79,25,36,61
72,49,42,83,62,61,76,11,73,98,17
42,15,91,59,65,95,35,94,47,57,56,53,75,72,26
95,11,61,73,55,51,76,35,57,17,21,33,98,85,32,36,34,25,64
97,83,61,32,11,73,98,25,17,31,55,33,79,36,85,34,21
85,21,51,95,16,94,77,91,26,65,49,89,15
72,29,32,69,49,83,89,15,42,27,65